90.2
98.8
92.1
102.7
107
98.3
100.9
66.3
101.4
111.8
111.4
85.2
94.4
96.2
106.5
101.1
103.5
99.9
101.4
58.6
99.8
112.7
103.8
89
91.2
97.3
110.2
105.7
109.9
109.1
104.3
71.9
107.1
108.5
116.6
96.5
94.1
102.4
109.4
109
113.3
116.5
107.9
76.7
111
109.3
119.5
95.1
109.6
109
125.2
104.8
123.7
119.7
105.4
84.1
112.1
121.6
120
98.6
117.6
117.7
129.7
111.8
125.2
121.2
116.8
88.2
113.7
129
121.7
94.4
110.3
115.3
112.9
122.4
116.9
111.2
115
77.1
106.3
115.9
106.7
83
92.2
94.3
96.7
87.2
91
91
95.3
70.2
98.3
106.9
103.4
86.8
90.5
91.4
107.7
100.6
101.9
105.8
101.5
75.4
101.4
109.1
115.8
98.9
97.6
102.7
113.2
104.3
107.6
103.5
97.9
86.3
108.4
103.5
103.5
89
94.5
97.7
112.9
97.6
111.6
103.8
97.3
86.6
94.7
100.3
95.4
85.4
96.3
94.5
98.1
105
101
98.8
91.5
80.5
94.6
100.6
91.8
82.1
91.8
92.6
100.1
95.4
